
Title Gend0


                                 0
                              0  0
                           0  0  0
                        0  0  0  0
                     0  0  0  0  0
                  0  0  0  0  0  0
               0  0  0  0  0  0  0
            0  0  0  0  0  0  0  0
         0  0  0  0  0  0  0  0  0
      0  0  0  0  0  0  0  0  0  0
      |  |  |  |  |  |  |  |  |  |
      0  0  0  0  0  0  0  0  0  0



Title Gend10


                  0
               0  0
            0  0  0
            0  0  0
      0--0  0  0  0--0--0--0--0--0
      |  |  |  |  |  |  |  |  |  |
      0  0  0  0  0  0  0  0  0  0







Title Gend22


                  0
                  0
            0     0
         0  0     0            0
      0  0  0--0  0--0--0--0--0
      |  |  |  |  |  |  |  |  |
      0  0  0  0  0  0  0  0  0  0



Title Gend35


                              0
                           0  0
                        0  0  0
                     0  0  0  0
                  0  0  0  0  0
               0  0  0  0  0  0
            0  0  0  0  0  0  0
         0  0  0  0  0  0  0  0
      0  0  0  0  0  0  0  0  0
      |  |  |  |  |  |  |  |  |
      0  0  0  0  0  0  0  0  0  0





Title GendNiche1


                        0
                     0  0
                  0  0  0
               0  0  0  0
               0  0  0  0   0
         0     0  0  0  0   0  0
      0  0--0  0  0  0  0--0  0
      |  |  |  |  |  |  |  |  |
      0  0  0  0  0  0  0  0  0  0




Title GendNiche2


                        0
                     0  0
                  0  0  0
               0  0  0  0
               0  0  0  0   0
         0     0  0  0  0   0  
      0  0--0  0  0  0  0--0  
      |  |  |  |  |  |  |  |  
      0  0  0  0  0  0  0  0  0  0

Title GendNiche3


                         
                     0   
                  0  0   
               0  0  0   
               0  0  0       
         0     0  0  0         0
      0  0--0  0  0  0        0
      |  |  |  |  |  |        |
      0  0  0  0  0  0  0  0  0  0


Title GendNiche4


                        
                     0  
                  0  0  
               0  0  0  
               0  0  0      
         0     0  0  0         0
      0  0--0  0  0  0  0  0  0
      |  |  |  |  |  |  |  |  |
      0  0  0  0  0  0  0  0  0  0


Title GendNiche5


                        
                     0  
                  0  0  
               0  0  0  
               0  0  0      
         0     0  0  0         0
      0  0--0  0  0  0--0--0--0
      |  |  |  |  |  |  |  |  |
      0  0  0  0  0  0  0  0  0  0
